tree
version=v4
num_class=1
num_tree_per_iteration=1
label_index=0
max_feature_idx=64
objective=binary sigmoid:1
feature_names=provenance retrieved_sorted_name retrieved_exact_address retrieved_name_token retrieved_address_token retrieval_pass_count name_token_rank address_token_rank source_balanced_rank heavy_sorted_block target_is_s2 target_is_s3 exact_name_norm exact_name_sorted exact_address_norm exact_name_nosuffix exact_numeric_set exact_postal_token country_agreement s1_name_missing target_name_missing s1_address_missing target_address_missing s1_name_chars target_name_chars s1_address_chars target_address_chars s1_name_tokens target_name_tokens s1_address_tokens target_address_tokens name_char_abs_diff address_char_abs_diff name_char_relative_diff address_char_relative_diff name_token_intersection name_token_union name_jaccard name_containment_s1 name_containment_target address_token_intersection address_token_union address_jaccard address_containment_s1 address_containment_target name_shared_idf address_shared_idf shared_address_numbers conflicting_address_numbers shared_postal_tokens conflicting_postal_tokens digit_sequence_equal house_number_equal name_ratio name_partial_ratio name_token_sort_ratio name_token_set_ratio address_ratio address_partial_ratio address_token_sort_ratio address_token_set_ratio s1_script_class target_script_class same_script_class script_conflict
feature_infos=[1:15] [0:1] [0:1] [0:1] [0:1] [1:4] [0:50] [0:50] [0:50] [0:1] [0:1] [0:1] [0:1] [0:1] [0:1] [0:1] [0:1] [0:1] none none none none [0:1] [4:65] [2:87] [14:187] [0:183] [1:8] [1:11] [3:26] [0:33] [0:58] [0:170] [0:0.95652174949645996] [0:1] [0:8] [1:16] [0:1] [0:1] [0:1] [0:25] [3:43] [0:1] [0:1] [0:1] [0:1.029682993888855] [0:3.0011861324310303] [0:8] [0:1] [0:1] [0:1] [0:1] [0:1] [0:1] [0:1] [0:1] [0:1] [0:1] [0:1] [0:1] [0:1] none [0:4] [0:1] [0:1]
tree_sizes=1709 1739 1741 1730 1739 1736 1753 1739 1750 1753 1753 1744 1746 1765 1757 1751 1767 1756 1760 1752 1770 1764 1764 1771 1770 1757 1770 1771 1760 1754 1760 1765 1772 1756 1770 1772 1761 1770 1769 1768

Tree=0
num_leaves=15
num_cat=0
split_feature=59 54 0 48 62 22 55 37 39 60 56 48 47 28
split_gain=39406.8 10664 3771.84 3681.82 2472.95 2328.29 1813.01 1745.33 1461.24 924.915 1144.6 886.815 852.644 620.476
threshold=0.7576698660850526 0.77581480145454418 8.5000000000000018 1.0000000180025095e-35 1.5000000000000002 1.0000000180025095e-35 0.95538970828056347 0.31666667759418493 0.84523808956146251 0.88669520616531383 0.82807883620262157 1.0000000180025095e-35 1.0000000180025095e-35 1.5000000000000002
decision_type=2 2 2 2 2 2 2 2 2 2 2 2 2 2
left_child=2 4 5 -3 7 9 12 13 -4 -1 -11 -9 -5 -2
right_child=1 3 8 6 -6 -7 -8 11 -10 10 -12 -13 -14 -15
leaf_value=-1.9595481846228657 -1.5700715626161155 -1.283716162241916 -1.8132889075606438 -1.8161708147195865 -1.3371459613464201 -1.5324547720746655 -1.2904644051863032 -1.3173627261618868 -1.3392733332480007 -1.8851639119447949 -1.3077030740664544 -1.7934942631683777 -1.5403687221984772 -1.9454235024165412
leaf_weight=8333.1120140850544 30.201623290777206 759.88206386566162 80.460813194513321 154.46631759405136 66.512735262513161 83.688467592000961 98.443459123373032 50.95083013176918 86.224481761455536 79.769172966480255 30.316896662116051 49.221729561686516 133.94765749573708 422.24635921418667
leaf_count=72290 262 6592 698 1340 577 726 854 442 748 692 263 427 1162 3663
internal_value=-1.87499 -1.53045 -1.94498 -1.386 -1.798 -1.95234 -1.5869 -1.85347 -1.56809 -1.9565 -1.72614 -1.55132 -1.68808 -1.92037
internal_weight=10459.4 1765.87 8693.57 1146.74 619.133 8526.89 386.857 552.621 166.685 8443.2 110.086 100.173 288.414 452.448
internal_count=90736 15319 75417 9948 5371 73971 3356 4794 1446 73245 955 869 2502 3925
is_linear=0
shrinkage=1


Tree=1
num_leaves=15
num_cat=0
split_feature=59 8 44 26 54 56 52 55 54 55 5 56 54 44
split_gain=27255.7 6604.49 1739.05 1773.73 1602.93 1220.46 1168.34 911.7 534.026 508.994 505.466 374.366 339.537 292.93
threshold=0.70683172345161449 3.5000000000000004 0.65833333134651195 1.0000000180025095e-35 0.80810147523880016 0.78319624066352855 1.0000000180025095e-35 0.91715687513351452 0.61167800426483165 0.2362911254167557 2.5000000000000004 0.16961342096328738 0.98437118530273449 0.48809523880481726
decision_type=2 2 2 2 2 2 2 2 2 2 2 2 2 2
left_child=2 6 3 -1 11 -4 7 12 9 -8 13 -3 -2 -5
right_child=1 4 5 10 -6 -7 8 -9 -10 -11 -12 -13 -14 -15
leaf_value=0.24815568099741392 0.063843827604348785 0.2584247111315085 -0.02285671175249496 -0.088574872549491007 0.23817922600621072 0.39132989923771677 0.35144962995257828 0.3417489619119734 0.36561678213473342 0.038151928151771111 0.30614224224868641 -0.064173612566709198 0.23987404030649867 -0.020033827265363239
leaf_weight=104.44769166409969 211.97111175209284 24.121620513498783 97.687003314495087 7276.1836220622063 161.89933551847935 85.280668035149574 67.040236614644527 195.57825421541929 1175.7614471241832 65.724010959267616 21.223019823431969 505.24529461562634 104.80023998767138 422.22109242528677
leaf_count=715 1625 155 882 67126 1111 592 432 1236 7111 558 129 4507 759 3841
internal_value=-0.00147924 0.228422 -0.0736088 -0.0793102 0.0178965 0.170194 0.308345 0.205935 0.348443 0.196354 -0.0837409 -0.0494738 0.122081 -0.0848157
internal_weight=10519.2 2512.14 8007.04 7824.08 691.266 182.968 1820.88 512.35 1308.53 132.764 7719.63 529.367 316.771 7698.4
internal_count=90779 17494 73285 71811 5773 1474 11721 3620 8101 990 71096 4662 2384 70967
is_linear=0
shrinkage=0.08


Tree=2
num_leaves=15
num_cat=0
split_feature=42 8 26 0 48 54 55 60 56 52 62 54 54 55
split_gain=21375.3 4507 1444.57 1298.97 853.919 802.124 755.139 569.755 1176.65 501.421 339.026 312.587 308.038 455.472
threshold=0.36939570307731634 4.5000000000000009 1.0000000180025095e-35 8.5000000000000018 1.0000000180025095e-35 0.84561213850975048 0.91545844078063976 0.73427611589431774 0.84680575132370006 1.0000000180025095e-35 1.5000000000000002 0.98213717341423046 0.63702240586280834 0.2362911254167557
decision_type=2 2 2 2 2 2 2 2 2 2 2 2 2 2
left_child=2 4 -1 7 12 10 11 -4 -9 -5 -3 -6 13 -2
right_child=1 5 3 9 6 -7 -8 8 -10 -11 -12 -13 -14 -15
leaf_value=0.19947132484160929 0.29182278954791191 -0.068744337866450303 -0.086854813987358656 0.039108221345354403 0.036010742924577725 0.20415655570833149 0.27128610339135711 -0.071346837729343027 0.21261840233293164 0.31899203456955511 0.23776904061408421 0.19938363957449468 0.28243435318313587 0.040220037581242166
leaf_weight=124.13016019761562 97.237127862870693 456.73955827206373 6836.6782407835126 118.26297336816788 251.16015417128801 92.356445625424385 227.00318703055382 356.45414726436138 126.54248775541782 62.677999339997768 24.324764661490917 106.83640470355749 1434.5067853555083 87.471163727343082
leaf_count=731 540 4234 67462 857 1869 549 1217 3336 828 355 142 668 7223 726
internal_value=-0.00199266 0.188008 -0.0712084 -0.0756879 0.239984 -0.0117879 0.157143 -0.0809223 0.00305051 0.13606 -0.0532456 0.0847659 0.269914 0.172673
internal_weight=10402.4 2777.64 7624.75 7500.62 2204.21 573.421 585 7319.67 482.997 180.941 481.064 357.997 1619.22 184.708
internal_count=90737 17168 73569 72838 12243 4925 3754 71626 4164 1212 4376 2537 8489 1266
is_linear=0
shrinkage=0.08


Tree=3
num_leaves=15
num_cat=0
split_feature=42 7 22 48 55 60 56 54 62 54 55 39 54 31
split_gain=17543.9 4017.97 1139.65 736.53 738.889 733.916 1229.61 636.137 279.07 260.547 437.161 203.172 250.273 211.117
threshold=0.31909090280532842 4.5000000000000009 1.0000000180025095e-35 1.0000000180025095e-35 0.88203668594360363 0.69252255558967601 0.90595519542694103 0.81016731262207042 1.5000000000000002 0.56562754511833202 0.27812939882278448 0.93750000000000011 0.99450549483299266 4.5000000000000009
decision_type=2 2 2 2 2 2 2 2 2 2 2 2 2 2
left_child=2 3 5 9 11 -1 -7 8 -3 10 -2 13 -13 -5
right_child=1 7 -4 4 -6 6 -8 -9 -10 -11 -12 12 -14 -15
leaf_value=-0.085720857707274459 0.21983539446984729 -0.076923077088776284 0.15440203967835076 0.101766444948393 0.21115480602085349 -0.065720314807833427 0.19321306319656828 0.1730246637745404 0.19145815869190813 0.23308525194596666 -0.038152308840854 -0.038117927496480727 0.2440161206532683 -0.036533580531908784
leaf_weight=6264.9129426702857 126.4534610286355 504.84702453762293 138.00550705194473 118.57029909640551 361.64948707818985 407.041956782341 164.93472114950418 84.135043688118458 26.077201463282108 1667.2871406972408 62.96846791356802 29.400867894291878 63.763725802302361 174.7574854195118
leaf_count=65999 658 5003 731 864 1836 4011 977 466 144 7598 542 203 356 1295
internal_value=-0.00190212 0.152556 -0.0732067 0.195981 0.128966 -0.077801 0.0089455 -0.0313535 -0.0637411 0.222984 0.134074 0.0520596 0.15498 0.0193707
internal_weight=10194.8 3219.91 6974.9 2604.85 748.142 6836.89 571.977 615.059 530.924 1856.71 189.422 386.492 93.1646 293.328
internal_count=90683 18965 71718 13352 4554 70987 4988 5613 5147 8798 1200 2718 559 2159
is_linear=0
shrinkage=0.08


Tree=4
num_leaves=15
num_cat=0
split_feature=42 8 34 54 47 59 55 48 54 62 55 56 36 5
split_gain=14608.7 3320.51 1076.17 616.225 543.121 531.059 383.898 352.37 329.276 362.385 276.559 245.346 242.357 195.271
threshold=0.29520697891712194 4.5000000000000009 0.6926884949207307 0.83438816666603099 1.0000000180025095e-35 0.69399762153625499 0.95538970828056347 1.0000000180025095e-35 0.65545505285263073 1.5000000000000002 0.89512962102890026 0.16961342096328738 3.5000000000000004 2.5000000000000004
decision_type=2 2 2 2 2 2 2 2 2 2 2 2 2 2
left_child=2 4 5 11 6 13 7 -2 9 12 -7 -3 -6 -1
right_child=1 3 -4 -5 8 10 -8 -9 -10 -11 -12 -13 -14 -15
leaf_value=-0.084329773859341733 0.15055436778424131 0.18404450862986052 0.10065223223733268 0.13552781928772442 0.22240358594805851 -0.020077896107497484 0.20909648683904083 -0.014564598034996228 0.19713641479762717 0.22209807404564633 0.1904488691415876 -0.070260484030129994 -0.02304661951566065 0.20865862269069024
leaf_weight=6047.8959909752011 134.28874438256025 25.388170056045055 219.14496390521526 126.71867103129625 32.281156413257122 105.0476201325655 131.72167274355888 215.37569623440504 2013.910431176424 98.035514026880264 64.427744902670383 556.24814941734076 127.17390094697475 14.593632757663725
leaf_count=68021 673 131 1393 663 182 914 571 1484 8889 445 313 5756 1013 70
internal_value=-0.00245448 0.130138 -0.0735926 -0.0243322 0.169886 -0.0797199 0.0926978 0.0488494 0.186245 0.10106 0.0599559 -0.0591602 0.026644 -0.0836245
internal_weight=9912.25 3461.14 6451.11 708.355 2752.79 6231.96 481.386 349.664 2271.4 257.491 169.475 581.636 159.455 6062.49
internal_count=90518 19807 70711 6550 13257 69318 2728 2157 10529 1640 1227 5887 1195 68091
is_linear=0
shrinkage=0.08


Tree=5
num_leaves=15
num_cat=0
split_feature=42 8 34 54 0 48 55 47 59 54 62 54 55 54
split_gain=12394.3 2678.93 955.54 541.238 534.258 463.585 430.35 238.07 225.877 223.85 199.818 186.397 174.367 155.123
threshold=0.29520697891712194 4.5000000000000009 0.6926884949207307 0.84561213850975048 8.5000000000000018 1.0000000180025095e-35 0.95538970828056347 1.0000000180025095e-35 0.73186674714088451 0.80243903398513805 1.5000000000000002 0.86526826024055492 0.71516755223274242 0.61167800426483165
decision_type=2 2 2 2 2 2 2 2 2 2 2 2 2 2
left_child=2 5 4 10 8 13 7 -7 -1 -6 -3 -9 -4 -2
right_child=1 3 12 -5 9 6 -8 11 -10 -11 -12 -13 -14 -15
leaf_value=-0.084032248322024439 0.1068073820899844 -0.070896375527435454 -0.049819777918690189 0.12187739831288598 -0.059874581052749516 -0.004314918938368161 0.19031176003704314 0.032359228838249952 0.051819757594409391 0.16154227153173881 0.13816642613997754 0.15049445926068397 0.12146834479656315 0.17822550459711489
leaf_weight=5645.1840499714017 217.87514813989401 529.83245123922825 47.819618910551071 129.89498325437307 45.217275969684124 217.70788993686438 233.97232078015804 144.92369411885738 79.430801369249821 82.610835611820221 30.969396084547043 208.39618550986052 185.89799451082945 1825.3683141097426
leaf_count=68079 1275 5787 412 633 409 1510 982 967 555 439 154 979 997 7526
internal_value=-0.00297556 0.116076 -0.0722007 -0.0252687 -0.0785353 0.150352 0.0989321 0.0614904 -0.0821473 0.0832194 -0.0593512 0.102038 0.0864221 0.17061
internal_weight=9625.1 3538.94 6086.16 690.697 5852.44 2848.24 805 571.028 5724.61 127.828 560.802 353.32 233.718 2043.24
internal_count=90704 19813 70891 6574 69482 13239 4438 3456 68634 848 5941 1946 1409 8801
is_linear=0
shrinkage=0.08


Tree=6
num_leaves=15
num_cat=0
split_feature=42 56 34 62 54 0 48 55 24 47 59 55 37 55
split_gain=10693.2 2146.34 845.601 820.297 566.563 481.489 394.705 367.984 324.393 274.259 206.677 203.953 146.908 145.927
threshold=0.29520697891712194 0.75181159377098095 0.67249006032943737 1.5000000000000002 0.81016731262207042 8.5000000000000018 1.0000000180025095e-35 0.95538970828056347 13.500000000000002 1.0000000180025095e-35 0.74521982669830333 0.88774341344833385 0.31666667759418493 0.7897985875606538
decision_type=2 2 2 2 2 2 2 2 2 2 2 2 2 2
left_child=2 3 5 4 8 10 -3 9 -2 -8 -1 -7 -10 -4
right_child=1 6 13 -5 -6 11 7 -9 12 -11 -12 -13 -14 -15
leaf_value=-0.083199790345496058 0.090461836430884027 0.16476262673606432 -0.023499258026371601 0.17116360942633335 0.17180250191059915 -0.022784825426046984 -0.006881834116284625 0.17466271301049052 -0.078968950494077927 0.10798873412269813 0.054064957561098859 0.17780650263012407 0.069821120043196017 0.11175333310833459
leaf_weight=5257.8947620168328 93.815991349518299 1775.9864698052406 71.598432026803493 159.8785834312439 82.854141570627689 66.865613855421543 228.82834942638874 265.73220936208963 609.24991744756699 317.71575268357992 71.152829468250275 63.010202020406723 45.651872545480728 177.91909004747868
leaf_count=67932 683 7214 619 701 371 543 1478 1098 6519 1536 466 287 287 924
internal_value=-0.00310085 0.105295 -0.0710751 0.00520687 -0.0267001 -0.0776579 0.143635 0.0974403 -0.0486667 0.0598945 -0.081367 0.0745335 -0.0685971 0.0729429
internal_weight=9288.15 3579.71 5708.44 991.451 831.572 5458.92 2588.26 812.276 748.718 546.544 5329.05 129.876 654.902 249.518
internal_count=90658 19887 70771 8561 7860 69228 11326 4112 7489 3014 68398 830 6806 1543
is_linear=0
shrinkage=0.08


Tree=7
num_leaves=15
num_cat=0
split_feature=42 8 34 56 52 57 55 54 54 62 36 56 44 54
split_gain=9453.98 2168.72 797.345 472.068 335.342 322.07 290.286 260.165 184.653 193.406 178.027 177.529 157.538 175.425
threshold=0.2709790319204331 4.5000000000000009 0.74657276272773754 0.79008570313453685 1.0000000180025095e-35 0.65759596228599559 0.96720427274703991 0.74133810400962841 0.65545505285263073 1.5000000000000002 4.5000000000000009 0.16961342096328738 0.56696429848670971 0.84561213850975048
decision_type=2 2 2 2 2 2 2 2 2 2 2 2 2 2
left_child=2 4 5 11 6 12 -2 -7 9 10 -6 -3 -1 -14
right_child=1 3 -4 -5 8 7 -8 -9 -10 -11 -12 -13 13 -15
leaf_value=-0.082965406156849358 0.053059442213723391 0.12921486078399683 0.082497497862292254 0.097396017097686652 0.11171634069965199 -0.080923060648970063 0.16010725321573721 0.11886103670090338 0.15074404049752255 0.16458227111299689 -0.060802643722440791 -0.071615003371703803 -0.036062720704434358 0.2973465157062003
leaf_weight=4811.8189226314425 596.87719178944826 29.699574381113052 206.92746707051992 151.52964881807566 73.31956272572279 74.62702589482069 222.58364035189152 94.594704814255238 1909.83196926862 100.10720249265432 80.107908479869366 547.09669507294893 34.508844323456287 14.278960697352884
leaf_count=66304 3410 138 1071 798 428 924 918 552 7835 417 683 6648 387 92
internal_value=-0.00218183 0.0954999 -0.0714063 -0.0282625 0.125719 -0.077738 0.082136 0.030756 0.142228 0.0780804 0.0216403 -0.0612742 -0.0815152 0.0615178
internal_weight=8947.91 3711.15 5236.76 728.326 2982.83 5029.83 819.461 169.222 2163.37 253.535 153.427 576.796 4860.61 48.7878
internal_count=90605 21275 69330 7584 13691 68259 4328 1476 9363 1528 1111 6786 66783 479
is_linear=0
shrinkage=0.08


Tree=8
num_leaves=15
num_cat=0
split_feature=44 54 22 8 59 54 48 55 24 55 62 52 37 24
split_gain=8218.54 1914.77 705.169 698.001 456.019 318.212 277.666 229.31 237.154 201.576 186.765 172.44 147.977 216.91
threshold=0.48809523880481726 0.78319624066352855 1.0000000180025095e-35 3.5000000000000004 0.64530789852142345 0.74133810400962841 1.0000000180025095e-35 0.92637759447097789 25.500000000000004 0.18677325546741488 1.5000000000000002 1.0000000180025095e-35 0.31666667759418493 13.500000000000002
decision_type=2 2 2 2 2 2 2 2 2 2 2 2 2 2
left_child=2 3 4 10 -1 -6 -3 8 -8 -5 12 -7 13 -2
right_child=1 6 -4 9 5 11 7 -9 -10 -11 -12 -13 -14 -15
leaf_value=-0.082807063054539262 0.13858511564092252 0.14317004742641951 0.089613214149888612 0.10822745445039583 -0.079100969317833794 0.029620759852206833 0.10248639519103056 0.13821601450698606 -0.011060215419124038 -0.06670134624227235 0.16186614202843416 0.19791716035092033 0.09460954959008902 -0.056205955872528544
leaf_weight=4443.6485882177949 49.61036080121994 1766.3001638948917 169.32854744791985 45.367500059306622 116.77085430920124 102.90590859204531 259.27304727584124 324.07789800316095 215.63014902174473 596.21741894632578 114.11662615835667 62.70863252133131 192.32329126447439 139.36491639912128
leaf_count=65764 252 7283 729 216 1528 660 1347 1382 1230 7408 481 284 925 1133
internal_value=-0.00277482 0.0871657 -0.0707953 0.000748339 -0.0765426 0.0220358 0.125468 0.0863347 0.0509305 -0.0543318 0.0720797 0.0933449 0.045208 -0.00506882
internal_weight=8597.64 3702.28 4895.36 1137 4726.03 282.385 2565.28 798.981 474.903 641.585 495.415 165.615 381.299 188.975
internal_count=90622 21657 68965 10415 68236 2472 11242 3959 2577 7624 2791 944 2310 1385
is_linear=0
shrinkage=0.08


Tree=9
num_leaves=15
num_cat=0
split_feature=44 8 22 59 54 54 55 16 55 55 52 52 55 48
split_gain=7295.76 1629.22 596.045 425.641 352.77 300.543 279.307 266.938 193.031 155.007 141.815 140.353 115.857 145.374
threshold=0.48809523880481726 5.5000000000000009 1.0000000180025095e-35 0.64530789852142345 0.84028983116149913 0.81016731262207042 0.93127068877220165 1.0000000180025095e-35 0.18677325546741488 0.92637759447097789 1.0000000180025095e-35 1.0000000180025095e-35 0.97726097702980053 1.0000000180025095e-35
decision_type=2 2 2 2 2 2 2 2 2 2 2 2 2 2
left_child=2 4 3 -1 7 -3 10 8 -2 -10 -5 12 13 -6
right_child=1 5 -4 6 11 -7 -8 -9 9 -11 -12 -13 -14 -15
leaf_value=-0.082180314905620402 0.17052938316935762 -0.064082758712776119 0.077706462592768213 -0.058490690652152157 0.13923945395305332 0.072724523619623629 0.15927176716807653 0.10349903273831919 -0.029865861979857324 0.15058515234881362 0.10351603764622364 0.13500784080443404 0.14019439678433723 0.035073703106173741
leaf_weight=4135.0647755712271 42.486406341195107 495.72935003787279 168.32310524582863 171.57014103233814 121.59320940822363 129.64810381829739 68.89423993229866 423.97159965336323 289.1595056951046 34.053665369749069 43.310251142829657 1603.7472994253039 198.29444018751383 290.85261502116919
leaf_count=65710 190 6560 710 1860 509 636 312 2159 2256 147 350 6731 845 1537
internal_value=-0.00299286 0.0817539 -0.0700477 -0.075676 0.106209 -0.035721 0.019103 0.0603008 0.0102192 -0.0108536 -0.0258374 0.122579 0.0899427 0.0657828
internal_weight=8216.7 3629.54 4587.16 4418.84 3004.16 625.377 283.775 789.671 365.7 323.213 214.88 2214.49 610.74 412.446
internal_count=90512 21570 68942 68232 14374 7196 2522 4752 2593 2403 2210 9622 2891 2046
is_linear=0
shrinkage=0.08


Tree=10
num_leaves=15
num_cat=0
split_feature=60 56 22 8 0 52 55 48 55 56 54 44 55 63
split_gain=6441.9 1365.72 576.529 509.612 368.255 365.456 277.348 171.447 157.287 153.333 149.982 143.74 345.021 138.319
threshold=0.73427611589431774 0.75181159377098095 1.0000000180025095e-35 3.5000000000000004 8.5000000000000018 1.0000000180025095e-35 0.96449580788612377 1.0000000180025095e-35 0.18677325546741488 0.88273492455482494 0.82807883620262157 0.42481203377246862 0.80982521176338207 1.0000000180025095e-35
decision_type=2 2 2 2 2 2 2 2 2 2 2 2 2 2
left_child=2 3 4 13 11 6 7 -3 -5 -6 -10 -1 -13 -2
right_child=1 5 -4 8 9 -7 -8 -9 10 -11 -12 12 -14 -15
leaf_value=-0.082653702055834055 0.13860355167774721 0.10932948552445089 0.074104823091535835 0.090768797987133679 -0.053122600561114515 0.12638889919868063 0.13420064725217931 0.012604194055747586 -0.07357060314129428 0.16422470830062014 0.13107438645941133 -0.060599495476027297 0.2282921593230772 0.03468496723590573
leaf_weight=3801.4389597587287 115.03828974813223 154.15112270414829 171.31099469959736 45.240842290222645 32.752592496573925 1757.810462474823 255.74246069788933 490.35437514260411 517.40530555695295 56.796510919928551 23.982496879994869 151.65338764712214 32.049358531832695 285.20147686079144
leaf_count=65171 484 648 711 212 366 7565 1093 2693 7149 276 113 2156 251 1807
internal_value=-0.00269305 0.0753221 -0.0696641 -0.0050452 -0.0757086 0.10516 0.0637098 0.0357387 -0.0525305 0.0847299 -0.0645052 -0.0793137 -0.0101985 0.0645536
internal_weight=7890.93 3644.93 4246 986.868 4074.69 2658.06 900.248 644.505 586.629 89.5491 541.388 3985.14 183.703 400.24
internal_count=90695 21764 68931 9765 68220 11999 4434 3341 7474 642 7262 67578 2407 2291
is_linear=0
shrinkage=0.08


Tree=11
num_leaves=15
num_cat=0
split_feature=44 8 26 59 48 31 55 56 54 53 55 56 0 56
split_gain=5728 1262.17 525.793 391.121 304.294 263.575 242.34 241.366 165.948 142.024 152.55 121.901 113.131 99.8652
threshold=0.48809523880481726 5.5000000000000009 13.500000000000002 0.64530789852142345 1.0000000180025095e-35 4.5000000000000009 0.83752354979515087 0.76533168554306041 0.99450549483299266 0.49253065884113317 0.2362911254167557 0.9569842815399171 12.500000000000002 0.16961342096328738
decision_type=2 2 2 2 2 2 2 2 2 2 2 2 2 2
left_child=2 4 -1 12 9 11 13 -5 -7 10 -2 -6 -4 -3
right_child=1 6 3 7 5 8 -8 -9 -10 -11 -12 -13 -14 -15
leaf_value=0.06594057649736941 0.11479614397193906 0.101846425251772 -0.081579660861647668 -0.072345985529540427 0.043748558933734485 -0.049734475041129433 0.10133509233810721 0.081376250907594247 0.068149873025878438 0.12020815270337057 -0.0063462529650329322 0.11738849736153728 0.15925349372372999 -0.061971224503927475
leaf_weight=180.54053605720401 140.59467728435993 25.037791103124619 3576.0369523689151 110.09396405145526 242.74401551857591 191.67462773621082 73.505893021821976 160.9203037917614 127.10689536482096 1715.7778715416789 126.28227445855737 353.19660864770412 12.527010455727575 488.13996078819036
leaf_count=781 615 113 65678 1641 1428 1476 335 881 604 7664 979 1578 53 6825
internal_value=-0.00267862 0.0724865 -0.0674984 -0.0737404 0.0941539 0.0559847 -0.0345193 0.0189298 -0.00273077 0.111764 0.0574733 0.0873928 -0.080739 -0.0539786
internal_weight=7524.18 3484.06 4040.12 3859.58 2897.38 914.722 586.684 271.014 318.782 1982.65 266.877 595.941 3588.56 513.178
internal_count=90651 21617 69034 68253 14344 5086 7273 2522 2080 9258 1594 3006 65731 6938
is_linear=0
shrinkage=0.08


Tree=12
num_leaves=15
num_cat=0
split_feature=44 54 62 22 59 47 56 28 54 55 24 47 31 5
split_gain=5158.12 1075.96 503.744 469.052 375.916 300.81 272.09 270.068 207.624 160.203 123.863 93.1344 92.8926 78.0969
threshold=0.48809523880481726 0.7243877947330476 1.5000000000000002 1.0000000180025095e-35 0.64530789852142345 1.0000000180025095e-35 0.68801230192184459 1.5000000000000002 0.78086888790130626 0.94570022821426403 21.500000000000004 1.0000000180025095e-35 4.5000000000000009 2.5000000000000004
decision_type=2 2 2 2 2 2 2 2 2 2 2 2 2 2
left_child=3 2 6 4 13 9 7 -2 -6 10 -3 -10 -8 -1
right_child=1 5 -4 -5 8 -7 12 -9 11 -11 -12 -13 -14 -15
leaf_value=-0.080912212926973925 0.10167017518466093 0.079925221098209612 0.11965406349423491 0.060853027101635045 -0.069705562434418444 0.10937600649116773 0.13012891086161921 -0.076108529848796749 0.017631121238021404 0.11255774305542592 -0.015207730072316719 0.13890820744441351 -0.03687383959392463 0.12882153035212832
leaf_weight=3334.5260291285813 60.855977818369865 130.15651639178395 160.48422341421247 175.94255398213863 104.13122322410345 2002.5222804881632 74.069668669253588 539.59151828661561 85.701836001127958 151.5420371517539 267.83479712158442 76.880415920168161 29.92988545447588 11.401440128684042
leaf_count=65814 382 698 718 715 1633 9338 406 7472 506 698 1726 365 261 47
internal_value=-0.00241822 0.0688537 -0.00825813 -0.0666995 -0.0729116 0.094988 -0.0373986 -0.0580905 0.0184911 0.0425577 0.0159039 0.0749795 0.0820674 -0.0801975
internal_weight=7205.57 3416.99 864.931 3788.58 3612.64 2552.06 704.447 600.447 266.713 549.533 397.991 162.582 104 3345.93
internal_count=90779 21699 9239 69080 68365 12460 8521 7854 2504 3122 2424 871 667 65861
is_linear=0
shrinkage=0.08


Tree=13
num_leaves=15
num_cat=0
split_feature=44 56 26 55 52 59 16 55 55 48 55 28 60 0
split_gain=4527.61 1059.74 436.498 415.236 315.497 292.913 288.879 199.212 136.915 119.722 108.852 104.674 101.303 96.9699
threshold=0.42481203377246862 0.75716626644134533 13.500000000000002 0.18677325546741488 1.0000000180025095e-35 0.65586885809898388 1.0000000180025095e-35 0.96449580788612377 0.96449580788612377 1.0000000180025095e-35 0.46065428853034979 1.5000000000000002 0.97905021905899059 8.5000000000000018
decision_type=2 2 2 2 2 2 2 2 2 2 2 2 2 2
left_child=2 3 -1 -2 7 13 -5 9 -7 -3 11 -8 -11 -4
right_child=1 4 5 6 -6 8 10 -9 -10 12 -12 -13 -14 -15
leaf_value=0.052463829666181641 0.10615641133584122 0.09046379499665605 -0.081545098246862346 -0.063592387693410773 0.11187981656574617 -0.013810495961195567 0.13353163378970304 0.11612463169819742 0.14972016771120117 -0.0030867919504300695 0.10168813184456602 -0.042689017513329278 0.12877311323847837 0.041011152629381611
leaf_weight=184.55651099607348 168.21203278377652 149.53067331761122 3045.0188619233668 559.77620408684015 1589.6949783526361 145.00174978375435 27.082484789192677 223.69646052271128 42.332855314016342 431.09312334656715 106.44870751351118 106.03583845496178 40.819268368184566 41.887015551328659
leaf_count=791 766 669 64987 8333 7592 1500 128 1068 196 2451 572 1104 191 414
internal_value=-0.0027856 0.0627377 -0.0672403 -0.00808879 0.0908827 -0.0739875 -0.0321303 0.0513874 0.0231433 0.0280844 0.0413845 -0.00683751 0.00831877 -0.0798821
internal_weight=6861.19 3402.39 3458.8 967.555 2434.83 3274.24 799.343 845.14 187.335 621.443 239.567 133.118 471.912 3086.91
internal_count=90762 22874 67888 10903 11971 67097 10137 4379 1696 3311 1804 1232 2642 65401
is_linear=0
shrinkage=0.08


Tree=14
num_leaves=15
num_cat=0
split_feature=44 54 22 58 8 55 47 36 62 31 47 55 59 28
split_gain=4084.52 859.127 403.805 354.734 312.883 288.162 193.603 142.023 123.274 117.473 112.551 100.694 82.4235 77.2157
threshold=0.48809523880481726 0.78319624066352855 1.0000000180025095e-35 0.66476190090179454 3.5000000000000004 0.67826876044273388 1.0000000180025095e-35 3.5000000000000004 1.5000000000000002 4.5000000000000009 1.0000000180025095e-35 0.94570022821426403 0.69399762153625499 1.5000000000000002
decision_type=2 2 2 2 2 2 2 2 2 2 2 2 2 2
left_child=2 4 3 -1 9 -5 11 -6 -9 -2 -7 -3 -12 -11
right_child=1 6 -4 5 7 10 -8 8 -10 13 12 -13 -14 -15
leaf_value=-0.080231666227331785 0.07785137207287561 0.021348864483520462 0.053347940137425408 -0.068994089535408337 0.10248826372562338 0.021098327931140456 0.1011248757587198 -0.071939678138812385 0.067233648672533147 0.10313681161837616 0.29325820810575964 0.10115778241115464 0.1037923357780746 -0.028025497914080627
leaf_weight=2837.4242102839053 282.85029683634639 350.38929032534361 175.97073405981064 158.88181043416262 38.148654293268919 89.868839289993048 1761.8944804146886 412.01449596881866 45.200943555682898 35.310454718768597 19.892741002142429 142.25217352807522 56.240373998880386 154.03451190143824
leaf_count=64398 1507 1926 708 3056 355 686 8666 7040 218 155 131 700 265 1148
internal_value=-0.00258566 0.0616666 -0.0646017 -0.0711651 -0.00139131 0.00801889 0.0887285 -0.0458075 -0.0581808 0.0452042 0.0817286 0.044394 0.153298 -0.00356538
internal_weight=6560.37 3222.1 3338.28 3162.31 967.559 324.884 2254.54 495.364 457.215 472.195 166.002 492.641 76.1331 189.345
internal_count=90959 21715 69244 68536 10423 4138 11292 7613 7258 2810 1082 2626 396 1303
is_linear=0
shrinkage=0.08


Tree=15
num_leaves=15
num_cat=0
split_feature=60 8 30 16 55 0 24 37 44 54 52 37 60 54
split_gain=3581.23 744.72 352.177 293.759 251.305 229.066 174.023 155.362 138.178 205.085 100.143 95.3725 90.6905 69.1461
threshold=0.73427611589431774 5.5000000000000009 3.5000000000000004 1.0000000180025095e-35 0.91545844078063976 8.5000000000000018 20.500000000000004 0.31666667759418493 0.42481203377246862 0.88047617673873912 1.0000000180025095e-35 0.19090909510850909 0.98639392852783214 0.96720427274703991
decision_type=2 2 2 2 2 2 2 2 2 2 2 2 2 2
left_child=2 3 -1 4 6 8 13 -3 -4 -10 -7 -5 -8 -2
right_child=1 7 5 11 -6 10 12 -9 9 -11 -12 -13 -14 -15
leaf_value=0.039249869721590495 0.030221076021447475 -0.059090597457326019 -0.080063569011303223 0.052704278778906537 0.092776462247940575 -0.020180259026847419 -0.025100846267990175 0.03952754756766589 -0.058045686617866611 0.14719293473583822 0.15392218589789683 0.10652961271483186 0.08248922050451761 0.11438055207446537
leaf_weight=195.3589043840766 133.98923606052995 369.51779760420322 2636.8506762310863 254.29360191896558 422.07875277101994 47.61810390651226 429.67535021156073 141.34438268840313 116.96812258288264 42.475126642733812 38.031730882823467 1228.4938325732946 56.765879511833191 117.07103102654219
leaf_count=938 896 6397 64934 1499 2054 482 2743 782 2087 282 186 6494 273 524
internal_value=-0.0033016 0.0566155 -0.064697 0.0737103 0.043547 -0.0717433 0.0153726 -0.0318051 -0.0756906 -0.00337083 0.0571277 0.0972987 -0.0125455 0.0694652
internal_weight=6230.53 3153.23 3077.3 2642.37 1159.58 2881.94 737.501 510.862 2796.29 159.443 85.6498 1482.79 486.441 251.06
internal_count=90571 21662 68909 14483 6490 67971 4436 7179 67303 2369 668 7993 3016 1420
is_linear=0
shrinkage=0.08


Tree=16
num_leaves=15
num_cat=0
split_feature=44 54 51 30 58 55 48 52 62 55 47 37 54 62
split_gain=3259.47 697.642 362.649 340.74 299.109 234.264 193.441 157.891 150.644 141.794 123.06 118.948 100.908 97.5645
threshold=0.48809523880481726 0.84561213850975048 1.0000000180025095e-35 1.0000000180025095e-35 0.66476190090179454 0.95904389023780834 1.0000000180025095e-35 1.0000000180025095e-35 1.5000000000000002 0.89386734366416942 1.0000000180025095e-35 0.21111111342906955 0.68801230192184459 1.5000000000000002
decision_type=2 2 2 2 2 2 2 2 2 2 2 2 2 2
left_child=3 2 8 -1 -5 7 -3 -6 9 -2 -8 13 -9 -4
right_child=1 6 11 4 5 -7 10 12 -10 -11 -12 -13 -14 -15
leaf_value=0.044093080761024785 -0.052968130260683949 0.10368254450077941 -0.0045175819208463806 -0.079177467114389624 -0.060261634423620251 0.15510721788486589 0.0090651963964196534 -0.070275377449737594 0.088230050295262041 0.090039579449697954 0.078031996743011353 0.1188573821624105 0.17188445741122607 0.10191237761886038
leaf_weight=178.86691205203533 583.89675058424473 1228.8490630909801 168.62618342041969 2443.8224985450506 198.51124006509781 54.547518577426672 273.42296656221151 15.951444823294876 62.361060623079538 48.022319473326206 419.82967888563871 158.32799308747053 35.570906657725573 81.89667771756649
leaf_count=717 8229 6754 1450 64036 3289 310 1465 342 288 232 1945 819 188 404
internal_value=-0.00271611 0.0555164 0.00480547 -0.0628974 -0.0698604 0.00489589 0.0846204 -0.0278743 -0.0303939 -0.0421003 0.0508311 0.0645784 0.0969112 0.0302747
internal_weight=5952.5 3025.23 1103.13 2927.27 2748.4 304.581 1922.1 250.034 694.28 631.919 693.253 408.851 51.5224 250.523
internal_count=90468 21586 11422 68882 68165 4129 10164 3819 8749 8461 3410 2673 530 1854
is_linear=0
shrinkage=0.08


Tree=17
num_leaves=15
num_cat=0
split_feature=44 54 26 8 52 59 55 8 24 63 55 37 24 55
split_gain=2854.14 689.047 339.781 285.626 276.685 250.612 139.235 128.755 110.147 100.622 83.9905 102.635 80.3391 90.2022
threshold=0.42481203377246862 0.78319624066352855 13.500000000000002 3.5000000000000004 1.0000000180025095e-35 0.64530789852142345 0.982753485441208 2.5000000000000004 22.500000000000004 1.0000000180025095e-35 0.18677325546741488 0.31666667759418493 27.500000000000004 0.47673159837722784
decision_type=2 2 2 2 2 2 2 2 2 2 2 2 2 2
left_child=2 3 -1 9 6 -4 8 -7 -3 -2 -5 -12 13 -11
right_child=1 4 5 10 -6 7 -8 -9 -10 12 11 -13 -14 -15
leaf_value=0.041515848764978359 0.10802462157766582 0.06512831724520439 -0.078153291400456931 0.0548331814201354 0.098872075709686286 0.088255888003774402 0.099199319328493352 -0.048226847808227585 -0.0068985562579895058 -0.0061090019137887306 -0.072853063180159508 0.057682931429576874 -0.03543621916812717 0.091566725058853923
leaf_weight=184.33517790213227 103.86305177211761 213.73595752939582 2293.8713246099651 44.923714976757765 1298.8857209198177 89.310247708112001 183.38087979704142 87.654594343155622 373.04428917914629 115.6156491972506 393.13082645833492 42.740197218954563 118.14260855689645 126.95238283649087
leaf_count=777 514 1063 64892 218 7442 514 1010 1378 2047 842 7895 424 874 686
internal_value=-0.0027806 0.0504911 -0.0632599 -0.00609343 0.0763451 -0.0710766 0.0383531 0.020653 0.0193374 0.0386409 -0.0493185 -0.0600531 0.0186626 0.0450114
internal_weight=5669.59 3014.42 2655.17 945.368 2069.05 2470.84 770.161 176.965 586.78 464.574 480.795 435.871 360.711 242.568
internal_count=90576 23015 67561 11453 11562 66784 4120 1892 3110 2916 8537 8319 2402 1528
is_linear=0
shrinkage=0.08


Tree=18
num_leaves=15
num_cat=0
split_feature=44 48 55 26 38 59 55 24 55 24 47 56 39 8
split_gain=2615.02 625.736 381.945 292.319 237.191 232.445 177.286 128.015 93.9583 110.263 90.6091 83.4701 89.6724 80.1674
threshold=0.42481203377246862 1.0000000180025095e-35 0.88203668594360363 13.500000000000002 0.35416667163372045 0.59748178720474254 0.95538970828056347 14.500000000000002 0.18677325546741488 18.500000000000004 1.0000000180025095e-35 0.16961342096328738 0.93750000000000011 3.5000000000000004
decision_type=2 2 2 2 2 2 2 2 2 2 2 2 2 2
left_child=3 4 7 -1 8 -5 13 -3 -2 -10 -4 -9 -13 -7
right_child=1 2 10 5 -6 6 -8 11 9 -11 -12 12 -14 -15
leaf_value=0.035288783589491821 0.087852996439530151 0.059185781154515123 0.020124907120583013 -0.0787976687242046 0.098370388200666473 0.031130402851181342 0.15047126248724879 0.091595241975683056 0.063587655455388928 -0.037167958827398116 0.095216836661610196 -0.055297001248876348 0.023829808164181007 -0.072220997551499536
leaf_weight=181.27814980968833 119.4073785841465 100.29246124625206 165.16483339294791 2079.028523273766 1253.9953543543816 83.948389947414398 43.519877158105373 30.821505136787891 116.53209127858281 172.28724636137486 272.53811725601554 587.04229126125574 108.62320394068956 112.27507495507598
leaf_count=764 610 815 849 63455 7559 659 254 136 935 2167 1394 8037 581 2619
internal_value=-0.00246181 0.0488647 0.00645318 -0.0625477 0.081128 -0.0701964 0.00439312 -0.0255379 0.0281626 0.00348466 0.0668813 -0.0372341 -0.0429419 -0.0280052
internal_weight=5426.75 2926.7 1264.48 2500.05 1662.22 2318.77 239.743 826.779 408.227 288.819 437.703 726.487 695.665 196.223
internal_count=90834 23083 11812 67751 11271 66987 3532 9569 3712 3102 2243 8754 8618 3278
is_linear=0
shrinkage=0.08


Tree=19
num_leaves=15
num_cat=0
split_feature=44 16 55 26 58 55 54 8 55 55 35 37 28 24
split_gain=2322.71 574.106 439.063 278.234 232.268 192.733 132.901 116.804 81.2201 79.0941 86.2361 72.067 80.7775 71.2836
threshold=0.42481203377246862 1.0000000180025095e-35 0.85145786404609691 13.500000000000002 0.64882761240005504 0.89512962102890026 0.60943254828453075 4.5000000000000009 0.2362911254167557 0.97182539105415355 2.5000000000000004 0.19090909510850909 1.5000000000000002 17.500000000000004
decision_type=2 2 2 2 2 2 2 2 2 2 2 2 2 2
left_child=3 2 7 -1 -5 -6 8 13 -3 10 -4 12 -10 -2
right_child=1 6 9 4 5 -7 -8 -9 11 -11 -12 -13 -14 -15
leaf_value=0.032939711278600917 0.058719924225594682 0.077575499166661649 0.076143026737201178 -0.078581899241039269 -0.042839462309659723 0.11421696374972617 0.096150244301708196 -0.056516135503718215 0.13245609216531562 0.097911971196282047 0.0016843907527657133 0.13985916903722928 -0.078816545782278799 -0.01514110335462393
leaf_weight=184.18949139118195 110.15956928953528 103.50245887413621 206.86397866159678 1934.0332326013595 161.35484771989286 72.463828079402447 1098.6894459687173 400.60305745154619 13.560870058834551 247.11967436224222 191.89576038718224 15.210548073053358 79.370057128369808 347.18161230906844
leaf_count=781 642 567 994 63362 3464 465 7137 7644 65 1469 932 72 1055 2449
internal_value=-0.00278163 0.0462583 0.0125292 -0.0614567 -0.069477 0.00583462 0.084968 -0.0249768 0.0269185 0.0623498 0.0403112 -0.0215654 -0.0479868 0.00264977
internal_weight=5166.2 2814.16 1503.82 2352.04 2167.85 233.819 1310.33 857.944 211.644 645.879 398.76 108.141 92.9309 457.341
internal_count=91098 23026 14130 68072 67291 3929 8896 10735 1759 3395 1926 1192 1120 3091
is_linear=0
shrinkage=0.08


Tree=20
num_leaves=15
num_cat=0
split_feature=42 8 34 48 37 31 39 48 54 53 47 54 63 53
split_gain=2116.59 727.718 294.082 273.074 176.644 132.958 153.583 100.154 94.8981 96.446 94.8075 88.201 78.5475 63.0479
threshold=0.19677419215440753 4.5000000000000009 0.60221165418624889 1.0000000180025095e-35 0.31666667759418493 4.5000000000000009 0.93750000000000011 1.0000000180025095e-35 0.54201978445053112 0.27334994077682501 1.0000000180025095e-35 0.84561213850975048 1.0000000180025095e-35 0.91545844078063976
decision_type=2 2 2 2 2 2 2 2 2 2 2 2 2 2
left_child=2 3 -1 8 11 10 -7 -6 9 -2 -5 12 -3 -4
right_child=1 4 13 5 7 6 -8 -9 -10 -11 -12 -13 -14 -15
leaf_value=-0.078264073246237992 0.073514928853478503 0.054227880080230356 -0.018205865661969661 0.011099872678345522 0.12768801372230151 -0.056903084758257443 0.06184210059529547 -0.0031522560222337721 0.092581119040017909 -0.050130030605178615 0.076948577540394733 0.093239733159918681 -0.075807095023124785 0.064005387345188874
leaf_weight=1722.9061394911259 114.15449784882367 31.987457392737269 148.42903988435864 236.14240900613368 51.57537142932415 197.97874785587192 107.59386177547276 136.64003867283463 1202.8871397972107 62.469509238377213 343.47635985165834 23.217894306406379 421.22352511249483 99.873613610863686
leaf_count=60551 643 177 1596 1579 285 1582 613 1035 8019 622 1940 139 11194 503
internal_value=-0.00244145 0.0406872 -0.0665335 0.0622883 -0.032916 0.0276092 -0.0150922 0.032701 0.0845409 0.0297834 0.0501212 -0.0588384 -0.0666293 0.0148616
internal_weight=4900.56 2929.35 1971.21 2264.7 664.644 885.191 305.573 188.215 1379.51 176.624 579.619 476.429 453.211 248.303
internal_count=90478 27828 62650 14998 12830 5714 2195 1320 9284 1265 3519 11510 11371 2099
is_linear=0
shrinkage=0.08


Tree=21
num_leaves=15
num_cat=0
split_feature=44 52 55 22 59 54 44 55 62 36 52 54 24 0
split_gain=1883.65 496.158 262.785 233.606 196.712 193.005 150.662 129.255 93.1298 90.3005 77.3295 76.461 68.6681 65.2396
threshold=0.42481203377246862 1.0000000180025095e-35 0.91545844078063976 1.0000000180025095e-35 0.59748178720474254 0.69631093740463268 0.72474747896194469 0.9569842815399171 1.5000000000000002 4.5000000000000009 1.0000000180025095e-35 0.99450549483299266 24.500000000000004 8.5000000000000018
decision_type=2 2 2 2 2 2 2 2 2 2 2 2 2 2
left_child=3 2 6 4 13 8 11 10 9 -3 -6 -2 -8 -1
right_child=1 5 -4 -5 7 -7 12 -9 -10 -11 -12 -13 -14 -15
leaf_value=-0.079059323214918042 -0.062065430339071449 0.040916443272403881 0.069895797525674985 0.027640144035679218 -0.051182359877324821 0.088575664626480657 0.056271992614314932 0.14377296720128838 0.090962489977359257 -0.061182753475347795 0.076889657038326134 0.014940564523548017 -0.011934878532054707 0.052143784308120264
leaf_weight=1656.805206336081 404.581503553316 111.1761558894068 289.42453330755234 179.04721726477146 139.16041435860097 1148.301639854908 179.03728612884879 35.509808730334044 79.415532141923904 110.58658019080758 38.526140039786696 103.66718075796962 199.98776764795184 24.615448962897062
leaf_count=63258 6866 812 1636 722 2697 8059 1330 231 468 1678 544 516 1590 323
internal_value=-0.0027095 0.042295 0.00370174 -0.0597051 -0.0679595 0.0736253 -0.0178904 0.00443279 0.016624 -0.00999744 -0.0234137 -0.0463586 0.0202835 -0.0771386
internal_weight=4699.84 2626.18 1176.7 2073.66 1894.62 1449.48 887.274 213.196 301.178 221.763 177.687 508.249 379.025 1681.42
internal_count=90730 22955 11938 67775 67053 11017 10302 3472 2958 2490 3241 7382 2920 63581
is_linear=0
shrinkage=0.08


Tree=22
num_leaves=15
num_cat=0
split_feature=42 54 48 34 8 12 38 42 45 62 24 56 28 31
split_gain=1691.49 605.434 301.173 265.649 213.495 128.273 87.3809 85.8951 79.7923 79.1092 65.7589 90.3623 62.471 61.281
threshold=0.19677419215440753 0.77581480145454418 1.0000000180025095e-35 0.60221165418624889 3.5000000000000004 1.0000000180025095e-35 0.86607143282890331 0.67424243688583385 0.0056288789492100486 1.5000000000000002 19.500000000000004 0.70678734779357921 2.5000000000000004 4.5000000000000009
decision_type=2 2 2 2 2 2 2 2 2 2 2 2 2 2
left_child=3 4 -3 -1 9 6 -4 -6 -5 10 -2 -12 -8 -14
right_child=1 2 5 8 7 -7 12 -9 -10 -11 11 -13 13 -15
leaf_value=-0.077273405750935012 0.052908686259346707 0.091985209413555799 0.057444597069133456 -0.023109922665577369 -0.066387763194841062 0.095258789549347966 0.032992767654858486 0.029832757468213442 0.070316319981759273 0.093632076321964602 -0.075892380693176262 0.030499291178640257 0.0065540425001587256 -0.064172135145561679
leaf_weight=1490.4167382586747 125.3608025778085 1011.7248521391302 196.4141802303493 156.23264166899025 422.27809059619904 144.99429452419281 171.96297862753272 69.091151855885983 93.532790329307318 85.487423114478588 98.42972020432353 106.23547796346247 165.37668772414327 149.0883314833045
leaf_count=60642 787 7590 1403 1490 11447 1041 982 784 611 499 1066 656 888 829
internal_value=-0.0027683 0.0363317 0.0627045 -0.0644779 -0.0171641 0.0269196 0.0124085 -0.0528583 0.0118766 0.0250463 0.00728039 -0.0206677 -0.00577659 -0.0269773
internal_weight=4486.63 2746.44 1839.56 1740.18 906.883 827.836 682.842 491.369 249.765 415.513 330.026 204.665 486.428 314.465
internal_count=90715 27972 12733 62743 15239 5143 4102 12231 2101 3008 2509 1722 2699 1717
is_linear=0
shrinkage=0.08


Tree=23
num_leaves=15
num_cat=0
split_feature=44 54 22 16 48 47 38 31 38 55 59 55 53 28
split_gain=1516.48 586.088 282.966 234.616 230.127 126.466 116.025 110.196 108.685 128.844 85.4898 72.3226 68.2996 58.5612
threshold=0.32738095521926885 0.84561213850975048 1.0000000180025095e-35 1.0000000180025095e-35 1.0000000180025095e-35 1.0000000180025095e-35 0.38750000298023229 4.5000000000000009 0.46428571641445165 0.18677325546741488 0.71311086416244518 0.95538970828056347 0.18393234908580783 1.5000000000000002
decision_type=2 2 2 2 2 2 2 2 2 2 2 2 2 2
left_child=2 3 -1 7 -3 11 12 8 9 -2 -7 -6 -5 -14
right_child=1 4 -4 6 5 10 -8 -9 -10 -11 -12 -13 13 -15
leaf_value=-0.077155151801774915 0.09409314092151716 0.092262185897957524 0.029322557262841688 0.070287230762461989 -0.021684936554010874 0.13132620996339076 0.10191806077993251 -0.065634512728614175 0.047635546304747728 -0.075554571399168421 0.042589614847666268 0.070270813546580047 0.083373825326832005 -0.042585053014267807
leaf_weight=1383.9906745385379 35.240446075797081 878.3685490116477 180.57472966611385 77.204669823870063 277.90210717357695 89.595383452251554 129.58758796192706 398.33181795477867 148.73825375549495 153.24187861010432 309.56133414059877 68.165646005421877 28.551337100565434 136.84980375692248
leaf_count=60326 166 7048 731 494 1862 548 887 8956 1110 4146 1660 526 164 2255
internal_value=-0.00206421 0.0339099 -0.064866 -0.0109545 0.06452 0.0318214 0.0408027 -0.037144 -0.00349033 -0.0438356 0.0625076 -0.00357223 0.00815801 -0.0208422
internal_weight=4295.9 2731.34 1564.57 1107.75 1623.59 745.224 372.193 735.552 337.221 188.482 399.157 346.068 242.606 165.401
internal_count=90879 29822 61057 18178 11644 4596 3800 14378 5422 4312 2208 2388 2913 2419
is_linear=0
shrinkage=0.08


Tree=24
num_leaves=15
num_cat=0
split_feature=44 54 22 31 52 55 55 38 62 38 44 16 38 42
split_gain=1380.97 543.297 244.449 217.625 213.899 117.244 99.7398 98.1658 134.175 82.2712 80.3819 73.6897 57.4974 53.804
threshold=0.32738095521926885 0.8521554470062257 1.0000000180025095e-35 2.5000000000000004 1.0000000180025095e-35 0.2362911254167557 0.96449580788612377 0.46428571641445165 1.5000000000000002 0.86607143282890331 0.73030304908752453 1.0000000180025095e-35 0.38750000298023229 0.27429467439651495
decision_type=2 2 2 2 2 2 2 2 2 2 2 2 2 2
left_child=2 3 -1 7 6 -5 9 8 -2 -3 -11 -7 -13 -6
right_child=1 4 -4 5 13 11 -8 -9 -10 10 -12 12 -14 -15
leaf_value=-0.076818418510363543 -0.054608696307049745 0.073030405989381542 0.025085912634438372 0.043176163042221785 0.16993450184347364 -0.06554002597400542 0.086999037227916978 0.075167380392005212 0.096431403416845515 -0.03126760473310685 0.040121055149973869 -0.030721009034151554 0.080370127861960058 0.084669560761749862
leaf_weight=1286.9895238485187 117.83795233257115 116.71003199368715 170.62871205806732 101.39076473191381 50.352394470945001 465.07438318058848 151.8984190672636 208.1404184885323 55.309010757133365 253.77061675861478 167.61850167810917 114.73782110400498 40.286859214305878 798.20086400583386
leaf_count=60320 2882 685 693 711 307 10990 1204 1479 344 1676 846 1849 289 6792
internal_value=-0.00238158 0.0321134 -0.0648895 -0.0107423 0.0628309 -0.0365775 0.0297517 0.0381442 -0.00636137 0.0135916 -0.00287091 -0.0496179 -0.00185133 0.0897291
internal_weight=4098.95 2641.33 1457.62 1102.78 1538.55 721.49 689.998 381.287 173.147 538.099 421.389 620.099 155.025 848.553
internal_count=91067 30054 61013 18544 11510 13839 4411 4705 3226 3207 2522 13128 2138 7099
is_linear=0
shrinkage=0.08


Tree=25
num_leaves=15
num_cat=0
split_feature=42 8 26 52 53 56 53 26 51 42 42 62 28 42
split_gain=1244.98 472.328 235.619 225.53 113.833 102.528 99.9438 61.0122 108.008 60.0868 54.2938 54.2057 66.9688 47.1784
threshold=0.16064515709877017 5.5000000000000009 14.500000000000002 1.0000000180025095e-35 0.48331478238105779 0.81530213356018078 0.96449580788612377 50.500000000000007 1.0000000180025095e-35 0.71714287996292125 0.62828946113586437 1.5000000000000002 1.5000000000000002 0.29520697891712194
decision_type=2 2 2 2 2 2 2 2 2 2 2 2 2 2
left_child=2 3 -1 6 11 10 9 13 -9 -2 -3 12 -5 -6
right_child=1 5 -4 4 7 -7 -8 8 -10 -11 -12 -13 -14 -15
leaf_value=0.021003166143383548 -0.0055723927797308274 -0.068569981193356291 -0.075923507031623871 0.066669568845597563 0.16012967746539822 0.025305196102884925 0.08575295717530601 -0.05424762234445181 0.075990767661037364 0.050830669160007259 0.021596776381408275 0.07831777551491538 -0.056040952878638979 0.088387432074624239
leaf_weight=185.49340160191059 565.196293361485 337.46860010549426 1191.7799276318401 43.004639644175768 64.331832764670253 128.64380068331957 118.60916232131422 51.607635214924812 193.75484472513199 153.76621282100677 48.938321579247713 58.833781950175762 84.179466979578137 665.87672768160701
leaf_count=834 4493 11629 59736 232 415 900 1037 348 1812 864 764 418 1109 5758
internal_value=-0.00173214 0.0317585 -0.0628693 0.0493585 0.0721752 -0.0365555 0.0177151 0.0831109 0.0485974 0.00649066 -0.0571504 0.014823 -0.014549 0.094708
internal_weight=3891.48 2514.21 1377.27 1999.16 1161.59 515.051 837.572 975.571 245.362 718.963 386.407 186.018 127.184 730.209
internal_count=90349 29779 60570 16486 10092 13293 6394 8333 2160 5357 12393 1759 1341 6173
is_linear=0
shrinkage=0.08


Tree=26
num_leaves=15
num_cat=0
split_feature=44 48 55 22 55 60 56 38 62 24 34 57 55 28
split_gain=1096.19 426.114 240.744 222.092 189.187 127.918 81.9267 80.0793 79.736 91.8504 58.7882 54.0467 53.2686 41.5324
threshold=0.32738095521926885 1.0000000180025095e-35 0.95538970828056347 1.0000000180025095e-35 0.57712131738662731 0.97905021905899059 0.81302964687347423 0.86607143282890331 1.5000000000000002 18.500000000000004 0.34099718928337103 0.64882761240005504 0.21680375933647159 2.5000000000000004
decision_type=2 2 2 2 2 2 2 2 2 2 2 2 2 2
left_child=3 4 5 11 8 6 12 -8 9 -2 13 -1 -3 -9
right_child=1 2 -4 -5 -6 -7 7 10 -10 -11 -12 -13 -14 -15
leaf_value=-0.078070228553393128 0.041640693214338047 0.053973377667005627 0.081683539061137497 0.019943594522326191 0.083237557536447168 0.0749568393789833 0.047457998972474491 0.0056308299273450206 0.082536099326780119 -0.055159582703110201 0.053682082969699452 0.059374002464364091 -0.060832073500561384 -0.051884401151961093
leaf_weight=1089.1703950185329 117.65769084915519 27.710713498294353 181.24216215312481 180.47044119238853 852.75080831721425 87.058410037308931 134.48750434629619 115.42234676145017 78.10952197574079 134.39206432364881 55.57815189473331 18.623412344604731 388.50791263394058 264.46048487350345
leaf_count=59770 1273 195 1484 737 7975 532 923 717 536 2980 477 288 11148 1521
internal_value=-0.00266426 0.0288838 -0.00359784 -0.0623527 0.0633303 -0.0179998 -0.026206 -0.00650127 0.011913 -0.00997288 -0.023166 -0.0757596 -0.0531886 -0.0344092
internal_weight=3725.64 2437.38 1254.47 1288.26 1182.91 1073.23 986.167 569.948 330.159 252.05 435.461 1107.79 416.219 379.883
internal_count=90556 29761 16997 60795 12764 15513 14981 3638 4789 4253 2715 60058 11343 2238
is_linear=0
shrinkage=0.08


Tree=27
num_leaves=15
num_cat=0
split_feature=47 54 48 58 60 16 55 55 60 26 60 44 5 26
split_gain=1039.49 296.225 269.665 145.28 127.339 111.685 99.9178 91.8776 58.245 56.3905 48.8832 46.7176 46.1808 44.7007
threshold=1.0000000180025095e-35 0.7243877947330476 1.0000000180025095e-35 0.88021740317344677 0.8078865408897401 1.0000000180025095e-35 0.80735492706298839 0.91545844078063976 0.50641131401062023 49.500000000000007 0.97642427682876598 0.85357144474983226 1.5000000000000002 11.500000000000002
decision_type=2 2 2 2 2 2 2 2 2 2 2 2 2 2
left_child=2 4 6 12 -2 7 11 9 13 -3 -5 -1 -4 -8
right_child=1 5 3 10 -6 -7 8 -9 -10 -11 -12 -13 -14 -15
leaf_value=-0.049933671512957079 -0.06586057671893808 0.043927944249897481 -0.076472421890290021 -0.010013818984438601 0.021497583617258079 0.086675604793357355 0.028658847051665482 0.083680480451238354 0.083814432072942396 -0.023068635790525694 0.12058858778424966 0.059364083357519075 -0.033279897599539643 -0.077402696507526236
leaf_weight=174.08576289378107 165.95947061851621 166.12293073534966 1048.9807198029011 182.27159662917256 299.53491936065257 683.8847093693912 147.73210956156254 173.79409915953875 112.93557433411479 155.82447718083858 20.393786007538438 29.231368431821465 186.6080907266587 30.720305114984512
leaf_count=5089 7729 1184 52894 1644 3367 7156 607 1579 868 1931 125 218 4543 1757
internal_value=-0.00234736 0.0443926 -0.0421272 -0.0596517 -0.00964761 0.0657175 0.00882178 0.0368054 0.0388541 0.0115012 0.00312842 -0.0342197 -0.0699492 0.0104005
internal_weight=3578.08 1645.12 1932.96 1438.25 465.494 1179.63 494.705 495.742 291.388 321.947 202.665 203.317 1235.59 178.452
internal_count=90691 22946 67745 59206 11096 11850 8539 4694 3232 3115 1769 5307 57437 2364
is_linear=0
shrinkage=0.08


Tree=28
num_leaves=15
num_cat=0
split_feature=44 54 22 48 31 37 62 24 55 35 57 37 56 52
split_gain=928.533 353.887 205.527 194.16 177.646 103.024 198.361 92.7993 92.2742 79.9926 46.8317 45.6386 47.86 43.68
threshold=0.32738095521926885 0.84561213850975048 1.0000000180025095e-35 1.0000000180025095e-35 4.5000000000000009 0.31666667759418493 1.5000000000000002 13.500000000000002 0.982753485441208 2.5000000000000004 0.64882761240005504 0.15476191043853763 0.90219989418983471 1.0000000180025095e-35
decision_type=2 2 2 2 2 2 2 2 2 2 2 2 2 2
left_child=2 4 10 -3 5 6 -2 -6 9 11 -1 -5 -13 -11
right_child=1 3 -4 8 7 -7 -8 -9 -10 13 -12 12 -14 -15
leaf_value=-0.077341379129684487 -0.058941944142845558 0.085276595507323819 0.019146033813482871 0.15776061579570466 0.035620137941900387 0.063675711546666791 0.093990141206574146 -0.060626915294094037 0.083937027269109329 -0.040873058843657349 0.050592671968751411 -0.023535507944399705 0.048251500548119289 0.047918912571581547
leaf_weight=948.3712041741237 172.07664455473423 657.04112567938864 175.87555505335331 18.674233524128795 76.719690926373005 226.67235354334116 79.291721016168594 390.18787234835327 135.1179948374629 195.53329053148627 18.673054307699203 81.398775391280651 220.30479251407087 43.312345180660486
leaf_count=59828 5025 7050 723 100 901 1777 554 9964 1246 1144 287 519 1357 246
internal_value=-0.00148299 0.0278426 -0.0604034 0.0541041 -0.00971428 0.0245662 -0.010701 -0.0448121 0.0246063 0.010271 -0.074871 0.0363956 0.0288836 -0.0247715
internal_weight=3439.25 2296.33 1142.92 1351.38 944.948 478.041 251.368 466.908 694.341 559.223 967.044 320.378 301.704 238.846
internal_count=90721 29883 60838 11662 18221 7356 5579 10865 4612 3366 60115 1976 1876 1390
is_linear=0
shrinkage=0.08


Tree=29
num_leaves=15
num_cat=0
split_feature=47 55 59 26 60 55 16 37 24 24 60 26 54 38
split_gain=850.696 249.137 200.973 175.753 136.953 87.6844 85.8985 74.6298 60.0649 59.4264 43.5231 68.2968 40.6752 42.4993
threshold=1.0000000180025095e-35 0.88203668594360363 0.70025381445884716 13.500000000000002 0.5667979121208192 0.95904389023780834 1.0000000180025095e-35 0.2264957278966904 20.500000000000004 18.500000000000004 0.70291385054588329 53.500000000000007 0.55351883172988903 0.93750000000000011
decision_type=2 2 2 2 2 2 2 2 2 2 2 2 2 2
left_child=2 4 3 -1 -2 8 9 -8 12 -6 11 -3 -4 -14
right_child=1 10 5 -5 6 -7 7 -9 -10 -11 -12 -13 13 -15
leaf_value=0.01558800867302796 -0.070842169453756376 0.20051637924012991 -0.050246660622185892 -0.070731537500337616 0.05414594434957927 0.082745758028899732 0.018624847221009315 0.083834929135567671 -0.031116145257250451 -0.019845060703602441 0.076032695713847645 -0.075734251780436801 0.11301738675043119 0.012896081203015049
leaf_weight=176.56349508278072 103.85719808842987 37.601396394893527 31.03037503361702 1041.0554069513455 92.12080485932529 71.639877669513226 231.89790421165526 217.82828302495182 328.46606592461467 282.54628317151219 545.20582449063659 6.7568530328571788 45.39748496375978 67.445095792412758
leaf_count=791 6729 347 730 61101 937 646 2858 2329 3732 3611 5798 332 330 365
internal_value=-0.00233246 0.0415634 -0.0401536 -0.0582146 0.0157329 0.000273187 0.0266396 0.0502098 -0.0122355 -0.00165261 0.0822327 0.158437 0.0308697 0.0531757
internal_weight=3279.41 1517.81 1761.6 1217.62 928.25 543.979 824.393 449.726 472.339 374.667 589.564 44.3582 143.873 112.843
internal_count=90636 22941 67695 61892 16464 5803 9735 5187 5157 4548 6477 679 1425 695
is_linear=0
shrinkage=0.08


Tree=30
num_leaves=15
num_cat=0
split_feature=58 48 55 34 37 54 38 33 39 33 63 24 54 28
split_gain=745.285 291.909 197.9 191.298 148.993 88.1742 71.3987 69.3906 53.675 51.9096 45.5251 73.6718 93.1936 61.651
threshold=0.59124967455863964 1.0000000180025095e-35 0.96449580788612377 0.56422951817512523 0.21111111342906955 0.86526826024055492 0.81666666269302379 0.056349206715822227 0.93750000000000011 0.15301003307104113 1.0000000180025095e-35 25.500000000000004 0.61167800426483165 1.5000000000000002
decision_type=2 2 2 2 2 2 2 2 2 2 2 2 2 2
left_child=3 4 5 -1 10 -3 -7 -8 9 -9 -2 12 13 -12
right_child=1 2 -4 -5 -6 6 7 8 -10 -11 11 -13 -14 -15
leaf_value=-0.072793678719901653 0.068176391249991669 -0.03913583950501423 0.087178454368148625 0.012241126979688424 0.078802789570494719 0.064562587137656738 -0.09145223699634053 0.056103893966668011 0.029549283928170057 -0.066496552459222813 0.05663597279767605 -0.074457287432237423 0.1019120982618086 -0.070493705830192641
leaf_weight=866.69606334622949 69.516835345886648 481.73714855033904 139.44724476896226 210.42359119374305 670.1803715787828 113.47641624137759 54.27321155462414 29.139681283384562 219.19926282390952 91.524226229637861 39.205526273697615 69.755635240115225 61.202491496689618 64.705248127691448
leaf_count=59448 530 12208 1440 2071 7807 694 329 163 1499 549 219 1602 522 1503
internal_value=-0.00206496 0.0256478 -0.0020442 -0.0561815 0.0577222 -0.01462 0.00864618 -0.0074528 0.00596118 -0.0368892 0.011308 -0.00552398 0.0235984 -0.0225277
internal_weight=3180.48 2103.36 1128.8 1077.12 974.566 989.35 507.613 394.136 339.863 120.664 304.386 234.869 165.113 103.911
internal_count=90584 29065 16882 61519 12183 15442 3234 2540 2211 712 4376 3846 2244 1722
is_linear=0
shrinkage=0.08


Tree=31
num_leaves=15
num_cat=0
split_feature=44 55 8 22 24 44 16 39 57 8 60 62 8 54
split_gain=687.582 294.458 196.258 168.335 103.669 70.9766 61.2755 44.6165 41.7208 37.7248 61.7073 37.3554 35.764 42.6325
threshold=0.2788888961076737 0.91545844078063976 4.5000000000000009 1.0000000180025095e-35 21.500000000000004 0.73030304908752453 1.0000000180025095e-35 0.23611111193895343 0.66817498207092296 1.0000000180025095e-35 0.66079190373420726 1.5000000000000002 1.0000000180025095e-35 0.96178188920021068
decision_type=2 2 2 2 2 2 2 2 2 2 2 2 2 2
left_child=3 2 4 8 12 -4 11 -8 -1 -3 -11 -6 -2 -14
right_child=1 9 5 -5 6 -7 7 -9 -10 10 -12 -13 13 -15
leaf_value=-0.076968032812725393 -0.0056850167011850477 0.028399223946096251 -0.058361719334855677 0.012372531472334622 -0.022475142798099555 0.011240693043089381 -0.0071601574877822359 0.071508275974933588 0.089598899251013983 0.22612169797032597 0.075629853466416305 0.0795241230790108 0.040351776859059767 0.093510010439685459
leaf_weight=755.00176095310599 60.049572470597923 105.13425584416837 329.35227851383388 173.81766532361507 373.94827446620911 131.08634792454541 78.668996673077345 111.58424844313413 9.7482423651963455 18.120512094348669 462.80775772035122 24.484002174809575 255.8828573031351 155.07158096320927
leaf_count=58858 625 1127 12782 720 3200 2058 792 1445 134 134 5187 130 2115 1474
internal_value=-0.00174289 0.0236352 0.00506212 -0.0586926 0.02401 -0.038546 0.00162811 0.0389792 -0.0748448 0.0718102 0.0813001 -0.0162072 0.051984 0.0604108
internal_weight=3044.76 2106.19 1520.13 938.568 1059.69 460.439 588.686 190.253 764.75 586.063 480.928 398.432 471.004 410.954
internal_count=90781 31069 24621 59712 9781 14840 5567 2237 58992 6448 5321 3330 4214 3589
is_linear=0
shrinkage=0.08


Tree=32
num_leaves=15
num_cat=0
split_feature=47 54 48 59 31 28 38 54 52 59 33 54 53 53
split_gain=674.328 192.952 186.903 142.15 108.857 69.3764 65.2064 99.8375 56.7414 52.974 51.8052 47.3215 42.7597 40.9071
threshold=1.0000000180025095e-35 0.88047617673873912 1.0000000180025095e-35 0.77621760964393627 5.5000000000000009 1.5000000000000002 0.46428571641445165 0.26846846938133245 1.0000000180025095e-35 0.97923851013183605 0.16064515709877017 0.99450549483299266 0.680425524711609 0.6900656819343568
decision_type=2 2 2 2 2 2 2 2 2 2 2 2 2 2
left_child=2 4 10 -4 6 -6 7 -2 -3 11 -1 -5 -9 -8
right_child=1 8 3 9 5 -7 13 12 -10 -11 -12 -13 -14 -15
leaf_value=0.030405359599721828 0.084911789467530113 0.031018289706187346 -0.072500915988181522 -0.042031486057415204 0.062695395477213256 -0.050082609896664104 0.10785749890864615 -0.061466350126408623 0.081104551202913419 0.13488850193039556 -0.025093113337743219 0.023652582120366465 0.067441943971979515 0.034856361670727254
leaf_weight=249.47279116604477 59.603947284631431 199.98525597434491 820.84435694012791 181.17648095078766 41.408315195702016 222.42857600096613 85.259980627335608 104.26522460766137 524.18980941455811 15.554070686921476 189.34358214586973 114.59822514653206 19.557525725103915 115.92061450146139
leaf_count=3752 477 2014 55988 2327 356 6797 824 4180 6937 104 4726 675 206 1228
internal_value=-0.00207328 0.0388902 -0.0378643 -0.0550432 0.00719272 -0.0323825 0.0343409 -0.000156615 0.0672729 -0.00901461 0.00645849 -0.0165821 -0.0411056 0.0657941
internal_weight=2943.61 1372.62 1570.99 1132.17 648.444 263.837 384.607 183.427 724.175 311.329 438.816 295.775 123.823 201.181
internal_count=90591 23019 67572 59094 14068 7153 6915 4863 8951 3106 8478 3002 4386 2052
is_linear=0
shrinkage=0.08


Tree=33
num_leaves=15
num_cat=0
split_feature=58 55 48 34 54 60 24 54 31 24 38 54 23 24
split_gain=580.86 227.605 189.501 164.663 106.294 84.3211 75.4538 71.3588 43.019 56.235 36.9042 51.1946 38.5067 36.8802
threshold=0.59124967455863964 0.96449580788612377 1.0000000180025095e-35 0.5403851866722108 0.84028983116149913 0.98639392852783214 27.500000000000004 0.58919963240623485 6.5000000000000009 13.500000000000002 0.93750000000000011 0.96051946282386791 23.500000000000004 16.500000000000004
decision_type=2 2 2 2 2 2 2 2 2 2 2 2 2 2
left_child=3 2 4 -1 8 6 7 -4 -2 -10 -9 -12 13 -13
right_child=1 -3 5 -5 -6 -7 -8 10 9 -11 11 12 -14 -15
leaf_value=-0.072651272776550507 0.034607034382493768 0.085284094628860621 -0.056999994389038994 0.0067139047503951763 0.076352692647135664 0.082327611646887983 -0.047115817726722464 0.046484755270840693 0.046687594219255335 -0.062236654731879712 -0.050598772391472542 0.07394721366056263 0.10601896410376278 -0.024625791786772936
leaf_weight=707.9254465457052 216.0337910912931 316.44885342102498 106.80589726939797 219.08522128965706 322.61416811402887 56.07946458645165 355.76655938476324 159.0914630163461 47.182415541261435 84.951732424087822 90.572192430496216 34.676060376688838 30.432627567090094 81.115859613753855
leaf_count=59061 2892 4417 4389 2474 4282 380 6499 2305 335 1750 668 254 250 516
internal_value=-0.00197115 0.0233387 0.0109736 -0.0538945 0.0432696 -0.0127143 -0.0189229 0.00102974 0.0126146 -0.023342 0.0166855 -0.00333514 0.0259402 0.00489374
internal_weight=2828.78 1901.77 1585.32 927.011 670.782 914.54 858.461 502.694 348.168 132.134 395.888 236.797 146.225 115.792
internal_count=90472 28937 24520 61535 9259 15261 14881 8382 4977 2085 3993 1688 1020 770
is_linear=0
shrinkage=0.08


Tree=34
num_leaves=15
num_cat=0
split_feature=47 55 48 58 60 54 55 48 38 60 60 57 59 45
split_gain=538.057 167.49 166.579 123.182 85.1957 51.887 50.9592 48.8737 42.0346 34.6053 34.2658 33.4101 30.343 29.6612
threshold=1.0000000180025095e-35 0.86240702867507946 1.0000000180025095e-35 0.67755267024040233 0.63431453704833995 0.99450549483299266 0.80735492706298839 1.0000000180025095e-35 0.35416667163372045 0.50641131401062023 0.99779736995697033 0.9745212495326997 0.91184088587760936 0.0056288789492100486
decision_type=2 2 2 2 2 2 2 2 2 2 2 2 2 2
left_child=2 4 6 -4 -2 11 -1 8 -6 13 12 -5 -9 -8
right_child=1 -3 3 5 7 -7 9 10 -10 -11 -12 -13 -14 -15
leaf_value=-0.027748149733838684 -0.057001815042470289 0.072201681855936381 -0.075902247504431974 -0.04562640106132787 0.02006341284953201 0.017768280984731856 -0.018056539892142325 0.0031999364086476127 0.075953712205962379 0.067685404726597426 0.079768015979056972 0.11559593233957591 -0.066203314129876775 0.052058154245420665
leaf_weight=167.55671615991741 97.87662176322192 499.69146615080535 602.00043188594282 262.70306014642119 207.05192018020898 152.34435531403869 107.94323482364416 238.48905566800386 147.45526217669249 93.772350364364684 31.182214092463255 8.4922938421368581 48.518040210008621 60.12189372908324
leaf_count=5244 7825 6887 52181 6021 2366 974 1910 3257 2031 865 243 55 322 454
internal_value=-0.00191569 0.0361277 -0.0351304 -0.0526462 0.012735 -0.0195911 0.00670336 0.0228816 0.0433107 0.0287498 0.000120803 -0.0405778 -0.00853256 0.00702557
internal_weight=2725.2 1270.26 1454.93 1025.54 770.573 423.54 429.394 672.696 354.507 261.837 318.189 271.195 287.007 168.065
internal_count=90635 22931 67704 59231 16044 7050 8473 8219 4397 3229 3822 6076 3579 2364
is_linear=0
shrinkage=0.08


Tree=35
num_leaves=15
num_cat=0
split_feature=60 55 34 16 24 53 62 54 62 24 53 55 37 31
split_gain=466.428 225.854 141.408 136.26 91.3368 68.3852 60.7653 84.0455 39.5755 41.6033 38.3521 37.2428 40.6556 67.4211
threshold=0.55891487002372753 0.91010102629661571 0.60221165418624889 1.0000000180025095e-35 16.500000000000004 0.48331478238105779 1.5000000000000002 0.77485185861587536 1.5000000000000002 13.500000000000002 0.56118956208229076 0.99450549483299266 0.78888890147209179 3.5000000000000004
decision_type=2 2 2 2 2 2 2 2 2 2 2 2 2 2
left_child=2 3 -1 4 10 8 7 -6 9 -5 -2 12 -3 -14
right_child=1 11 -4 5 6 -7 -8 -9 -10 -11 -12 -13 13 -15
leaf_value=-0.075483791750851056 -0.010435542210162636 0.082771116993130625 0.0048674414410979049 0.030653544994773702 -0.064018580652385845 0.066850623442140641 0.063604014393120023 -0.0092683607664267188 0.061525251961497052 -0.068548022289927346 0.06647497933629104 0.083908415205665096 -0.079230080233202799 0.046544417740894732
leaf_weight=565.65316229406744 66.376967603340745 89.554166762158275 186.35536436643451 46.987516671419144 301.32753601484001 250.13729333039373 45.717735747806728 443.61670393776149 46.418923817574978 63.785548621788621 110.69655399676412 280.33545059058815 36.820119324140251 105.23693417571485
leaf_count=57219 1837 1017 1463 366 12617 3456 303 3704 435 1663 877 4357 269 1057
internal_value=-0.00229531 0.0189364 -0.0555719 0.00204883 -0.0142895 0.0408655 -0.0259205 -0.0314146 -0.000484142 -0.0264689 0.0376447 0.0642956 0.0405569 0.0139446
internal_weight=2639.02 1887.01 752.009 1375.06 967.735 407.329 790.662 744.944 157.192 110.773 177.074 511.947 231.611 142.057
internal_count=90640 31958 58682 25258 19338 5920 16624 16321 2464 2029 2714 6700 2343 1326
is_linear=0
shrinkage=0.08


Tree=36
num_leaves=15
num_cat=0
split_feature=47 39 5 41 44 46 56 54 53 8 54 30 62 36
split_gain=449.276 131.939 123.954 80.0871 62.6994 58.5073 47.2028 46.9815 45.7233 36.6056 34.1345 80.51 62.4587 67.133
threshold=1.0000000180025095e-35 0.86607143282890331 1.5000000000000002 8.5000000000000018 0.2788888961076737 0.08349116146564485 0.92805382609367382 0.95419579744339 0.55625879764556896 2.5000000000000004 0.57932874560356151 9.5000000000000018 1.5000000000000002 3.5000000000000004
decision_type=2 2 2 2 2 2 2 2 2 2 2 2 2 2
left_child=2 4 3 8 -2 -5 -3 -4 -1 -9 12 -12 13 -6
right_child=1 6 7 5 10 -7 -8 9 -10 -11 11 -13 -14 -15
leaf_value=-0.065251728381864146 -0.073915351209428326 -0.015471892855396994 -0.032887545668626415 -0.068048939962621097 0.089290424236303401 0.065593806701708279 0.073907444550416077 0.050861495741717347 0.014043537349468315 -0.009972296813929216 0.057832717722454581 -0.012167172559897797 0.058871799029005044 -0.054635301655250795
leaf_weight=65.725493727251887 50.957279769703746 41.469997362233698 152.10960703995079 680.68499476090074 24.351321686059237 21.631463211961091 429.15786635968834 139.58602938149124 159.43199997954071 115.84130014572293 274.79407713282853 170.34120043646544 65.939885815605521 139.91656197700649
leaf_count=3130 5279 486 2311 56412 173 241 7007 1403 1206 2854 3120 1932 541 4358
internal_value=-0.0025544 0.0330356 -0.0344633 -0.0506221 0.0116549 -0.0639327 0.0660317 0.00231105 -0.00910346 0.0232722 0.0181115 0.0310457 -0.00689831 -0.0332995
internal_weight=2531.94 1196.93 1335.01 927.474 726.3 702.316 470.628 407.537 225.157 255.427 675.343 445.135 230.208 164.268
internal_count=90453 22896 67557 60989 15403 56653 7493 6568 4336 4257 10124 5052 5072 4531
is_linear=0
shrinkage=0.08


Tree=37
num_leaves=15
num_cat=0
split_feature=47 56 5 41 16 31 58 46 53 38 22 56 38 31
split_gain=392.503 126.94 118.68 80.5555 63.6384 55.7769 54.8097 51.2269 46.2423 40.4185 38.3054 35.3371 33.2368 31.0471
threshold=1.0000000180025095e-35 0.91715687513351452 1.5000000000000002 8.5000000000000018 1.0000000180025095e-35 8.5000000000000018 0.58434259891510021 0.058925652876496322 0.55625879764556896 0.86607143282890331 1.0000000180025095e-35 0.90366768836975109 0.77500000596046459 2.5000000000000004
decision_type=2 2 2 2 2 2 2 2 2 2 2 2 2 2
left_child=2 6 3 8 5 -3 -2 10 -1 -10 -5 -4 -13 -8
right_child=1 4 11 7 -6 -7 13 -9 9 -11 -12 12 -14 -15
leaf_value=-0.064980594956218773 -0.058467229095981628 0.050163913518544066 -0.040043064745498638 -0.070143973737890664 0.085867978403358636 -0.039296827856856904 0.040458627059663306 0.044939327104633699 0.076769228992722871 -0.010130129087740629 0.037434395361296578 0.13074205307937095 0.010609950252044569 0.00024177191922324231
leaf_weight=63.002453081309795 72.776411771774292 222.59717589616776 91.118860673159361 618.28669190686196 288.21887177508324 55.780819362029433 199.24385171663016 27.556817608885467 48.696487286128104 115.51000525709242 21.934616446495056 15.482394019141791 307.15355969592929 320.426059640944
leaf_count=3128 6529 2588 1461 56316 5764 540 2370 376 441 781 90 100 5091 5207
internal_value=-0.00145644 0.0324463 -0.0314813 -0.0478613 0.0595187 0.032238 0.00655514 -0.0618613 -0.00671486 0.0156404 -0.0664582 0.00395018 0.0163748 0.0156611
internal_weight=2467.79 1159.04 1308.74 894.987 566.597 278.378 592.446 667.778 227.209 164.206 640.221 413.755 322.636 519.67
internal_count=90782 22998 67784 61132 8892 3128 14106 56782 4350 1222 56406 6652 5191 7577
is_linear=0
shrinkage=0.08


Tree=38
num_leaves=15
num_cat=0
split_feature=44 55 22 24 62 56 53 16 53 37 46 52 45 54
split_gain=354.493 165.423 133.275 111.046 78.0998 86.3952 78.0622 72.3534 55.3393 46.0686 37.9016 34.9897 43.3602 33.5621
threshold=0.2788888961076737 0.91545844078063976 1.0000000180025095e-35 21.500000000000004 1.5000000000000002 0.77459675073623668 0.47673159837722784 1.0000000180025095e-35 0.79795917868614208 0.15476191043853763 0.078473687171936049 1.0000000180025095e-35 0.0011327781830914321 0.97100839018821727
decision_type=2 2 2 2 2 2 2 2 2 2 2 2 2 2
left_child=2 3 -1 6 5 8 10 -7 -5 -8 -2 12 -3 -11
right_child=1 11 -4 4 -6 7 9 -9 -10 13 -12 -13 -14 -15
leaf_value=-0.072225570006931389 -0.028754511543510292 0.0015308786367767507 0.0090811933167789603 -0.071349120913736797 0.059517183082925133 -0.019191876265033065 0.1193909184638326 0.064179934479090914 0.11141041066903201 0.012388262881571886 0.087708626004175214 0.083360837925875356 0.072511152756199598 0.064355413677096948
leaf_weight=490.5455947574228 145.3311922410503 107.07300013955683 175.07369646430016 232.72323479829356 78.289249625988305 356.7914780988358 54.67367997020483 81.914145024493337 11.10980513319373 150.14778133155778 20.393322603777051 215.73048385977745 113.43114621471614 169.13009167835116
leaf_count=59047 4176 1134 734 10833 651 2809 726 1469 90 1673 189 4300 1024 1925
internal_value=-0.00120024 0.0178246 -0.05084 0.00352497 -0.0161634 -0.0248442 0.0312813 -0.00362488 -0.063022 0.0515362 -0.0144231 0.0604547 0.0380444 0.0399167
internal_weight=2402.36 1736.74 665.619 1300.5 760.828 682.539 539.676 438.706 243.833 373.952 165.725 436.235 220.504 319.278
internal_count=90780 30999 59781 24541 15852 15201 8689 4278 10923 4324 4365 6458 2158 3598
is_linear=0
shrinkage=0.08


Tree=39
num_leaves=15
num_cat=0
split_feature=47 55 5 41 24 55 53 54 62 38 53 53 28 22
split_gain=320.888 123.064 101.035 72.3914 65.0503 62.6997 44.1342 41.7084 66.7671 42.7733 49.1499 41.386 36.8925 35.2101
threshold=1.0000000180025095e-35 0.88203668594360363 1.5000000000000002 9.5000000000000018 18.500000000000004 0.96449580788612377 0.48331478238105779 0.87026646733284008 1.5000000000000002 0.46428571641445165 0.72176682949066173 0.57804551720619213 1.5000000000000002 1.0000000180025095e-35
decision_type=2 2 2 2 2 2 2 2 2 2 2 2 2 2
left_child=2 4 3 11 6 -4 12 8 9 -6 -11 -1 -2 -5
right_child=1 -3 5 13 7 -7 -8 -9 -10 10 -12 -13 -14 -15
leaf_value=-0.060861522932541316 0.055959187715501992 0.068739911467985054 -0.013821691099011253 -0.066937984469392919 -0.065677798799550491 0.060023674335467875 0.076321102548266254 0.029164321020096917 0.056592842650847568 0.046466646980530102 -0.055511987995357059 0.0052044402348570629 -0.040465369118560073 0.046262125760307846
leaf_weight=84.885945116635412 49.414375889115036 362.10084845684469 315.17702124267817 506.92036892427132 153.08241148572415 96.000490236096084 133.88699134392664 155.50685760099441 58.473049287684262 63.54778527515009 57.72064500907436 212.84934903820977 52.243112731259316 18.217432111501694
leaf_count=5629 524 6420 4754 52251 8154 1964 2050 1933 520 934 672 3250 1773 75
internal_value=-0.00105286 0.030663 -0.0289631 -0.0451442 0.011616 0.0034195 0.0461465 -0.00503971 -0.021021 -0.037563 -0.00207255 -0.0136313 0.00640535 -0.063011
internal_weight=2320.03 1085.98 1234.05 822.873 723.875 411.178 235.544 488.331 332.824 274.351 121.268 297.735 101.657 525.138
internal_count=90903 22980 67923 61205 16560 6718 4347 12213 10280 9760 1606 8879 2297 52326
is_linear=0
shrinkage=0.08


end of trees

feature_importances:
name_token_sort_ratio=70
name_partial_ratio=60
address_containment_target=27
conflicting_address_numbers=26
target_name_chars=25
name_token_set_ratio=25
target_script_class=24
source_balanced_rank=22
shared_address_numbers=19
address_token_sort_ratio=19
address_token_set_ratio=19
house_number_equal=18
name_ratio=17
target_address_missing=16
name_containment_s1=16
name_jaccard=15
name_char_abs_diff=14
address_jaccard=14
target_address_chars=13
exact_numeric_set=12
target_name_tokens=12
address_char_relative_diff=10
provenance=9
address_partial_ratio=8
retrieval_pass_count=7
name_containment_target=7
name_token_union=5
address_ratio=5
same_script_class=4
target_address_tokens=3
name_char_relative_diff=3
address_token_union=3
name_shared_idf=3
address_shared_idf=3
name_token_intersection=2
digit_sequence_equal=2
address_token_rank=1
exact_name_norm=1
s1_name_chars=1

parameters:
[boosting: gbdt]
[objective: binary]
[metric: binary_logloss]
[tree_learner: serial]
[device_type: cpu]
[data_sample_strategy: bagging]
[data: ]
[valid: ]
[num_iterations: 40]
[learning_rate: 0.08]
[num_leaves: 15]
[num_threads: 2]
[seed: 42]
[deterministic: 0]
[force_col_wise: 0]
[force_row_wise: 0]
[histogram_pool_size: -1]
[max_depth: -1]
[min_data_in_leaf: 100]
[min_sum_hessian_in_leaf: 0.001]
[bagging_fraction: 0.8]
[pos_bagging_fraction: 1]
[neg_bagging_fraction: 1]
[bagging_freq: 1]
[bagging_seed: 42]
[bagging_by_query: 0]
[feature_fraction: 0.8]
[feature_fraction_bynode: 1]
[feature_fraction_seed: 42]
[extra_trees: 0]
[extra_seed: 12879]
[early_stopping_round: 0]
[early_stopping_min_delta: 0]
[first_metric_only: 0]
[max_delta_step: 0]
[lambda_l1: 0]
[lambda_l2: 0]
[linear_lambda: 0]
[min_gain_to_split: 0]
[drop_rate: 0.1]
[max_drop: 50]
[skip_drop: 0.5]
[xgboost_dart_mode: 0]
[uniform_drop: 0]
[drop_seed: 17869]
[top_rate: 0.2]
[other_rate: 0.1]
[min_data_per_group: 100]
[max_cat_threshold: 32]
[cat_l2: 10]
[cat_smooth: 10]
[max_cat_to_onehot: 4]
[top_k: 20]
[monotone_constraints: ]
[monotone_constraints_method: basic]
[monotone_penalty: 0]
[feature_contri: ]
[forcedsplits_filename: ]
[refit_decay_rate: 0.9]
[cegb_tradeoff: 1]
[cegb_penalty_split: 0]
[cegb_penalty_feature_lazy: ]
[cegb_penalty_feature_coupled: ]
[path_smooth: 0]
[interaction_constraints: ]
[verbosity: -1]
[saved_feature_importance_type: 0]
[use_quantized_grad: 0]
[num_grad_quant_bins: 4]
[quant_train_renew_leaf: 0]
[stochastic_rounding: 1]
[linear_tree: 0]
[max_bin: 255]
[max_bin_by_feature: ]
[min_data_in_bin: 3]
[bin_construct_sample_cnt: 200000]
[data_random_seed: 175]
[is_enable_sparse: 1]
[enable_bundle: 1]
[use_missing: 1]
[zero_as_missing: 0]
[feature_pre_filter: 1]
[pre_partition: 0]
[two_round: 0]
[header: 0]
[label_column: ]
[weight_column: ]
[group_column: ]
[ignore_column: ]
[categorical_feature: ]
[forcedbins_filename: ]
[precise_float_parser: 0]
[parser_config_file: ]
[objective_seed: 16083]
[num_class: 1]
[is_unbalance: 0]
[scale_pos_weight: 1]
[sigmoid: 1]
[boost_from_average: 1]
[reg_sqrt: 0]
[alpha: 0.9]
[fair_c: 1]
[poisson_max_delta_step: 0.7]
[tweedie_variance_power: 1.5]
[lambdarank_truncation_level: 30]
[lambdarank_norm: 1]
[label_gain: ]
[lambdarank_position_bias_regularization: 0]
[eval_at: ]
[multi_error_top_k: 1]
[auc_mu_weights: ]
[num_machines: 1]
[local_listen_port: 12400]
[time_out: 120]
[machine_list_filename: ]
[machines: ]
[gpu_platform_id: -1]
[gpu_device_id: -1]
[gpu_device_id_list: ]
[gpu_use_dp: 0]
[num_gpu: 1]

end of parameters

pandas_categorical:null
